[THOUGHT]
The user wants me to predict the output of the `_fit_transform` method in the `KernelPCA` class.

**Step-by-step simulation:**

1.  **Function Entry:** The method `_fit_transform` is called with a kernel matrix `K`. The input `K` is a string representation of a 5x5 numpy array. First, I'll parse this string into a numpy array.
    ```python
    import numpy as np
    K = np.array([[2.56139035, 2.52117244, 2.69797422, 2.02911389, 2.67068704],
                  [2.52117244, 2.71967647, 2.56295262, 1.89198858, 2.83722686],
                  [2.69797422, 2.56295262, 3.34510468, 1.95856619, 2.48090204],
                  [2.02911389, 1.89198858, 1.95856619, 2.1869279,  1.8532024 ],
                  [2.67068704, 2.83722686, 2.48090204, 1.8532024,  3.47058014]])
    ```

2.  **Kernel Centering:** The first line of the method is `K = self._centerer.fit_transform(K)`. This centers the kernel matrix. The `fit_transform` method of `KernelCenterer` first calls `fit` to compute the means, and then `transform` to apply the centering.
    - **`fit` step:**
        - `n_samples = K.shape[0]` which is 5.
        - `self.K_fit_rows_ = np.sum(K, axis=0) / n_samples` (column means of K).
          - `np.sum(K, axis=0)` = `[12.48033794, 12.53301697, 13.04549975,  9.91980096, 13.31259848]`
          - `self.K_fit_rows_` = `[2.49606759, 2.50660339, 2.60909995, 1.98396019, 2.6625197]`
        - `self.K_fit_all_ = self.K_fit_rows_.sum() / n_samples` (the overall mean of K).
          - `self.K_fit_rows_.sum()` = `12.25825082`
          - `self.K_fit_all_` = `12.25825082 / 5` = `2.451650164`
    - **`transform` step:** This applies the centering formula: `K_centered = K - K_fit_rows_ - K_pred_cols + K_fit_all_`. Since `K` is symmetric, the row means (`K_pred_cols`) are the same as the column means (`K_fit_rows_`).
        - Let's calculate the first element `K_centered[0, 0]`:
          `2.56139035 - 2.49606759 - 2.49606759 + 2.451650164 = 0.020905334`
        - Performing this for the whole matrix gives the centered kernel matrix:
          ```
          K_centered =
          [[ 0.02090533, -0.02984838,  0.00042684, -0.41169847,  0.41991468],
           [-0.02984838,  0.15811985, -0.00860416, -0.55946997,  0.43980266],
           [ 0.00042684, -0.00860416,  0.67105151, -0.59538892, -0.06748527],
           [-0.41169847, -0.55946997, -0.59538892,  0.67461787,  0.89223949],
           [ 0.41991468,  0.43980266, -0.06748527,  0.89223949, -1.68447156]]
          ```
    - The local variable `K` inside `_fit_transform` is now updated to this `K_centered` matrix.

3.  **Set `n_components`:**
    - `self.n_components` is 4.
    - `n_components = min(K.shape[0], self.n_components)` becomes `min(5, 4)`, so `n_components` is 4.

4.  **Set `eigen_solver`:**
    - `self.eigen_solver` is `'arpack'`, so the `eigen_solver` variable is set to `'arpack'`.

5.  **Eigendecomposition:**
    - The code enters the `elif eigen_solver == 'arpack':` block.
    - It calls `eigsh(K, n_components, which='LA', ...)` on the centered `K`. This computes the 4 largest eigenvalues and their corresponding eigenvectors.
    - The results are stored in `self.lambdas_` and `self.alphas_`. This step modifies the state of the `self` object but does not change the local `K` variable.

6.  **Sign Flipping:**
    - `svd_flip` is called on `self.alphas_` to ensure the signs of the eigenvectors are deterministic. This also modifies `self.alphas_` in place.

7.  **Sorting Eigenvalues/Eigenvectors:**
    - The eigenvalues (`self.lambdas_`) and eigenvectors (`self.alphas_`) are sorted in descending order based on the eigenvalues. This again modifies the attributes of `self`.

8.  **Remove Zero Eigenvalues:**
    - The condition `self.remove_zero_eig or self.n_components is None` is `False or False`, so this block is skipped.

9.  **Return Value:**
    - The method returns the local variable `K`. This variable was updated in step 2 to be the centered kernel matrix. The subsequent steps only modified attributes of `self`.

Therefore, the output of the function is the centered kernel matrix calculated in step 2. I will format this numpy array as a string, similar to the input format.
[/THOUGHT]
[OUTPUT]
```
{
    "output": "[[ 0.02090533 -0.02984838  0.00042684 -0.41169847  0.41991468]\n [-0.02984838  0.15811985 -0.00860416 -0.55946997  0.43980266]\n [ 0.00042684 -0.00860416  0.67105151 -0.59538892 -0.06748527]\n [-0.41169847 -0.55946997 -0.59538892  0.67461787  0.89223949]\n [ 0.41991468  0.43980266 -0.06748527  0.89223949 -1.68447156]]"
}
```
[/OUTPUT]