[ANSWER]
{"output": {"n_iter": 300, "tol": 0.001, "alpha_1": 1e-06, "alpha_2": 1e-06, "lambda_1": 1e-06, "lambda_2": 1e-06, "alpha_init": null, "lambda_init": null, "compute_score": true, "fit_intercept": true, "normalize": false, "copy_X": true, "verbose": false, "X_offset_": "[ -3.63428493e-16   1.30834257e-16  -8.04534920e-16   1.28165452e-16\n  -8.83531559e-17   1.32702421e-16  -4.57464634e-16   3.77730150e-16\n  -3.83085422e-16  -3.41288202e-16]", "X_scale_": "[1. 1. 1. 1. 1. 1. 1. 1. 1. 1.]", "scores_": "[-2547.11232369 -2543.8480406  -2478.54432365 -2408.83613983\n -2405.77244214 -2405.77090245 -2405.77089414 -2405.77089409\n -2405.77089409 -2405.77089409 -2405.77089405]", "n_iter_": 10, "alpha_": 0.00034102020396556903, "lambda_": 1.1462261218819324e-05, "coef_": "[  -4.23524272 -226.33093634  513.4681676   314.91003949 -182.28444613\n   -4.36972789 -159.20264135  114.6360979   506.8248699    76.25520615]", "sigma_": "[[\"3.41357465e+03\", \"-3.38791681e+02\", \"2.31164887e+00\", \"-6.90033858e+02\", \"-1.50556364e+02\", \"-3.07065616e+02\", \"-2.11086795e+02\", \"1.43806484e+02\", \"-3.62856232e+02\", \"-4.85528110e+02\"], [\"-3.38791681e+02\", \"3.56127221e+03\", \"5.06034777e+02\", \"-6.77567541e+02\", \"4.97347948e+02\", \"-3.01844044e+02\", \"8.45090562e+02\", \"-6.36219146e+02\", \"2.85132061e+02\", \"-2.72028730e+02\"], [\"2.31164887e+00\", \"5.06034777e+02\", \"4.15047646e+03\", \"-9.58410776e+02\", \"3.17540604e+02\", \"-6.81418116e+02\", \"9.35229086e+02\", \"1.31429710e+02\", \"-8.90762301e+02\", \"-6.14734716e+02\"], [\"-6.90033858e+02\", \"-6.77567541e+02\", \"-9.58410776e+02\", \"4.03596211e+03\", \"-3.61051563e+02\", \"1.00171903e+02\", \"8.15250631e+01\", \"6.17306701e+02\", \"-7.47914054e+02\", \"-6.31982700e+02\"], [\"-1.50556364e+02\", \"4.97347948e+02\", \"3.17540604e+02\", \"-3.61051563e+02\", \"3.60204301e+04\", \"-2.69150313e+04\", \"-1.53598641e+04\", \"-5.43063803e+03\", \"-1.23102255e+04\", \"-1.63998020e+02\"], [\"-3.07065616e+02\", \"-3.01844044e+02\", \"-6.81418116e+02\", \"1.00171903e+02\", \"-2.69150313e+04\", \"2.68243848e+04\", \"7.73894534e+03\", \"-3.36566787e+03\", \"1.05497506e+04\", \"-2.62310450e+01\"], [\"-2.11086795e+02\", \"8.45090562e+02\", \"9.35229086e+02\", \"8.15250631e+01\", \"-1.53598641e+04\", \"7.73894534e+03\", \"1.49608831e+04\", \"1.07168594e+04\", \"4.16666023e+03\", \"-6.39351178e+01\"], [\"1.43806484e+02\", \"-6.36219146e+02\", \"1.31429710e+02\", \"6.17306701e+02\", \"-5.43063803e+03\", \"-3.36566787e+03\", \"1.07168594e+04\", \"1.70656615e+04\", \"-2.31371799e+03\", \"-5.49399739e+02\"], [\"-3.62856232e+02\", \"2.85132061e+02\", \"-8.90762301e+02\", \"-7.47914054e+02\", \"-1.23102255e+04\", \"1.05497506e+04\", \"4.16666023e+03\", \"-2.31371799e+03\", \"9.79347076e+03\", \"-7.86337738e+02\"], [\"-4.85528110e+02\", \"-2.72028730e+02\", \"-6.14734716e+02\", \"-6.31982700e+02\", \"-1.63998020e+02\", \"-2.62310450e+01\", \"-6.39351178e+01\", \"-5.49399739e+02\", \"-7.86337738e+02\", \"4.12081190e+03\"]]", "intercept_": 152.13348416289642}}
[/ANSWER]