[OUTPUT]
{
    "output": [
        [0.02090526, -0.02984846, 0.04445677, 0.00073659, -0.03625016],
        [-0.02984846, 0.15811977, -0.10110064, -0.14692452, 0.11975385],
        [0.04445677, -0.10110064, 0.57855486, -0.18284347, -0.33906752],
        [0.00073659, -0.14692452, -0.18284347, 0.67065840, -0.34162700],
        [-0.03625016, 0.11975385, -0.33906752, -0.34162700, 0.59719083]
    ]
}
[/OUTPUT]