1. The input `K` is first centered using `KernelCenterer`.
2. `n_components` is 4, which is less than the number of samples (5).
3. `eigen_solver` is explicitly set to 'arpack'.
4. `eigsh` is used to find the eigenvalues and eigenvectors.
5. The eigenvalues and eigenvectors are sorted in descending order.
6. `remove_zero_eig` is false, so no eigenvalues/eigenvectors are removed.

Let's calculate the centered kernel matrix and then use `eigsh` to get the eigenvalues and eigenvectors.

```python
import numpy as np
from scipy.sparse.linalg import eigsh
from sklearn.preprocessing import KernelCenterer
from sklearn.utils.extmath import svd_flip

K = np.array([[2.56139035, 2.52117244, 2.69797422, 2.02911389, 2.67068704],
              [2.52117244, 2.71967647, 2.56295262, 1.89198858, 2.83722686],
              [2.69797422, 2.56295262, 3.34510468, 1.95856619, 2.48090204],
              [2.02911389, 1.89198858, 1.95856619, 2.1869279,  1.8532024 ],
              [2.67068704, 2.83722686, 2.48090204, 1.8532024,  3.47058014]])

centerer = KernelCenterer()
K = centerer.fit_transform(K)

lambdas, alphas = eigsh(K, 4, which='LA', tol=0)

alphas, _ = svd_flip(alphas, np.empty_like(alphas).T)

indices = lambdas.argsort()[::-1]
lambdas = lambdas[indices]
alphas = alphas[:, indices]

print(K)
```

[OUTPUT]
```
{
    "output": "[[ 0.12117957  0.02610988  0.12457788 -0.27231778  0.00045045]\n [ 0.02610988  0.18475722 -0.06313488 -0.21008297  0.06245045]\n [ 0.12457788 -0.06313488  0.63733238 -0.16122573 -0.53755045]\n [-0.27231778 -0.21008297 -0.16122573  0.64362648 -0.00000045]\n [ 0.00045045  0.06245045 -0.53755045 -0.00000045  0.47465145]]"
}
```
[/OUTPUT]