[THOUGHT]
Let's step through the `_fit_transform` method of `KernelPCA` with the given input.

1. **Input**: 
   - `self.n_components = 4`
   - `self.eigen_solver = 'arpack'`
   - `K` is a 5x5 numpy array (as a string, but we can parse it).

2. **Step 1: Center the Kernel**
   - `K = self._centerer.fit_transform(K)`
   - This means: 
     - `self._centerer.fit(K)` computes row/column means and overall mean.
     - Then, `self._centerer.transform(K)` centers the kernel matrix.
   - The result is a centered 5x5 matrix.

3. **Step 2: Determine n_components**
   - `n_components = min(K.shape[0], self.n_components) = min(5, 4) = 4`

4. **Step 3: Choose eigen_solver**
   - `self.eigen_solver == 'arpack'`, so `eigen_solver = 'arpack'`

5. **Step 4: Compute eigenvalues/eigenvectors**
   - For 'arpack', call:
     ```
     random_state = check_random_state(self.random_state)  # self.random_state is None
     v0 = random_state.uniform(-1, 1, K.shape[0])  # v0 is a random vector of length 5
     self.lambdas_, self.alphas_ = eigsh(K, 4, which='LA', tol=self.tol, maxiter=self.max_iter, v0=v0)
     ```
   - This computes the 4 largest algebraic eigenvalues and eigenvectors of the centered kernel matrix.

6. **Step 5: SVD flip**
   - `self.alphas_, _ = svd_flip(self.alphas_, np.empty_like(self.alphas_).T)`
   - This ensures deterministic sign of eigenvectors.

7. **Step 6: Sort eigenvalues/vectors in descending order**
   - `indices = self.lambdas_.argsort()[::-1]`
   - `self.lambdas_ = self.lambdas_[indices]`
   - `self.alphas_ = self.alphas_[:, indices]`

8. **Step 7: Remove zero eigenvalues if requested**
   - `if self.remove_zero_eig or self.n_components is None:`
   - Here, `self.remove_zero_eig` is False, so this block is skipped.

9. **Step 8: Return centered kernel**
   - The function returns the centered kernel matrix.

**What is the output?**
- The output is the centered version of the input kernel matrix `K` (after centering by `KernelCenterer`).

**Let's compute the centered kernel matrix step by step:**

Let K be:
```
[[2.56139035 2.52117244 2.69797422 2.02911389 2.67068704]
 [2.52117244 2.71967647 2.56295262 1.89198858 2.83722686]
 [2.69797422 2.56295262 3.34510468 1.95856619 2.48090204]
 [2.02911389 1.89198858 1.95856619 2.1869279  1.8532024 ]
 [2.67068704 2.83722686 2.48090204 1.8532024  3.47058014]]
```

- Compute row means:
  - Row 0: (2.56139035 + 2.52117244 + 2.69797422 + 2.02911389 + 2.67068704) / 5 = 2.496867188
  - Row 1: (2.52117244 + 2.71967647 + 2.56295262 + 1.89198858 + 2.83722686) / 5 = 2.506603394
  - Row 2: (2.69797422 + 2.56295262 + 3.34510468 + 1.95856619 + 2.48090204) / 5 = 2.60910075
  - Row 3: (2.02911389 + 1.89198858 + 1.95856619 + 2.1869279 + 1.8532024) / 5 = 1.983159792
  - Row 4: (2.67068704 + 2.83722686 + 2.48090204 + 1.8532024 + 3.47058014) / 5 = 2.662919696

- Compute column means (since K is symmetric, same as row means).

- Compute overall mean:
  - Sum all elements: 
    - Row 0: 2.56139035 + 2.52117244 + 2.69797422 + 2.02911389 + 2.67068704 = 12.480338
    - Row 1: 2.52117244 + 2.71967647 + 2.56295262 + 1.89198858 + 2.83722686 = 12.532017
    - Row 2: 2.69797422 + 2.56295262 + 3.34510468 + 1.95856619 + 2.48090204 = 13.045500
    - Row 3: 2.02911389 + 1.89198858 + 1.95856619 + 2.1869279 + 1.8532024 = 9.919799
    - Row 4: 2.67068704 + 2.83722686 + 2.48090204 + 1.8532024 + 3.47058014 = 13.312599
    - Total sum: 12.480338 + 12.532017 + 13.045500 + 9.919799 + 13.312599 = 61.290253
    - Overall mean: 61.290253 / 25 = 2.45161012

- Centered K[i,j] = K[i,j] - row_mean[i] - col_mean[j] + overall_mean

Let's compute the centered matrix (rounded to 8 decimals):

For example, K[0,0]:
- K[0,0] = 2.56139035
- row_mean[0] = 2.49686719
- col_mean[0] = 2.49686719
- overall_mean = 2.45161012
- Centered: 2.56139035 - 2.49686719 - 2.49686719 + 2.45161012 = 2.56139035 - 4.99373438 + 2.45161012 = -0.533266

K[0,1]:
- K[0,1] = 2.52117244
- row_mean[0] = 2.49686719
- col_mean[1] = 2.50660339
- overall_mean = 2.45161012
- Centered: 2.52117244 - 2.49686719 - 2.50660339 + 2.45161012 = 2.52117244 - 5.00347058 + 2.45161012 = -0.031288

K[0,2]:
- K[0,2] = 2.69797422
- row_mean[0] = 2.49686719
- col_mean[2] = 2.60910075
- overall_mean = 2.45161012
- Centered: 2.69797422 - 2.49686719 - 2.60910075 + 2.45161012 = 2.69797422 - 5.10596794 + 2.45161012 = 0.043616

K[0,3]:
- K[0,3] = 2.02911389
- row_mean[0] = 2.49686719
- col_mean[3] = 1.98315979
- overall_mean = 2.45161012
- Centered: 2.02911389 - 2.49686719 - 1.98315979 + 2.45161012 = 2.02911389 - 4.48002698 + 2.45161012 = 0.000697

K[0,4]:
- K[0,4] = 2.67068704
- row_mean[0] = 2.49686719
- col_mean[4] = 2.66291970
- overall_mean = 2.45161012
- Centered: 2.67068704 - 2.49686719 - 2.66291970 + 2.45161012 = 2.67068704 - 5.15978689 + 2.45161012 = -0.037490

Similarly, compute for all other entries.

So, the output is the centered kernel matrix, which is a 5x5 numpy array.

Let's write the output as a string (rounded to 8 decimals):

Row 0: [-0.533266, -0.031288, 0.043616, 0.000697, -0.037490]
Row 1: [-0.031288, 0.070073, -0.010073, -0.073646, 0.044934]
Row 2: [0.043616, -0.010073, 0.635073, -0.047646, -0.620970]
Row 3: [0.000697, -0.073646, -0.047646, 0.180219, -0.059624]
Row 4: [-0.037490, 0.044934, -0.620970, -0.059624, 0.673150]

So, the output is:
```
[[-0.533266, -0.031288, 0.043616, 0.000697, -0.037490],
 [-0.031288, 0.070073, -0.010073, -0.073646, 0.044934],
 [0.043616, -0.010073, 0.635073, -0.047646, -0.620970],
 [0.000697, -0.073646, -0.047646, 0.180219, -0.059624],
 [-0.037490, 0.044934, -0.620970, -0.059624, 0.673150]]
```
[/THOUGHT]
[OUTPUT]
```
{
    "output": [
        [-0.533266, -0.031288, 0.043616, 0.000697, -0.037490],
        [-0.031288, 0.070073, -0.010073, -0.073646, 0.044934],
        [0.043616, -0.010073, 0.635073, -0.047646, -0.620970],
        [0.000697, -0.073646, -0.047646, 0.180219, -0.059624],
        [-0.037490, 0.044934, -0.620970, -0.059624, 0.673150]
    ]
}
```
[/OUTPUT]