```python
import re
import string
from math import log
import numpy as np
from scipy import linalg
from scipy.linalg import pinvh


def normalize_text(text, remove_punctuation=True):
    text = text.lower().strip()
    text = re.sub(r'\s+', ' ', text)
    if remove_punctuation:
        text = text.translate(str.maketrans('', '', string.punctuation))
    return text


class BayesianRidge:
    def __init__(self, n_iter=300, tol=1.e-3, alpha_1=1.e-6, alpha_2=1.e-6,
                 lambda_1=1.e-6, lambda_2=1.e-6, alpha_init=None,
                 lambda_init=None, compute_score=False, fit_intercept=True,
                 normalize=False, copy_X=True, verbose=False):
        self.n_iter = n_iter
        self.tol = tol
        self.alpha_1 = alpha_1
        self.alpha_2 = alpha_2
        self.lambda_1 = lambda_1
        self.lambda_2 = lambda_2
        self.alpha_init = alpha_init
        self.lambda_init = lambda_init
        self.compute_score = compute_score
        self.fit_intercept = fit_intercept
        self.normalize = normalize
        self.copy_X = copy_X
        self.verbose = verbose

    def fit(self, X, y, sample_weight=None):

        if self.n_iter < 1:
            raise ValueError('n_iter should be greater than or equal to 1.'
                             ' Got {!r}.'.format(self.n_iter))

        X = np.array(eval(X))
        y = np.array(eval(y))

        X, y, X_offset_, y_offset_, X_scale_ = self._preprocess_data(
            X, y, self.fit_intercept, self.normalize, self.copy_X,
            sample_weight=sample_weight)

        if sample_weight is not None:
            # Sample weight can be implemented via a simple rescaling.
            X, y = _rescale_data(X, y, sample_weight)

        self.X_offset_ = X_offset_
        self.X_scale_ = X_scale_
        n_samples, n_features = X.shape

        eps = np.finfo(np.float64).eps
        alpha_ = self.alpha_init
        lambda_ = self.lambda_init
        if alpha_ is None:
            alpha_ = 1. / (np.var(y) + eps)
        if lambda_ is None:
            lambda_ = 1.

        verbose = self.verbose
        lambda_1 = self.lambda_1
        lambda_2 = self.lambda_2
        alpha_1 = self.alpha_1
        alpha_2 = self.alpha_2

        self.scores_ = list()
        coef_old_ = None

        XT_y = np.dot(X.T, y)
        U, S, Vh = linalg.svd(X, full_matrices=False)
        eigen_vals_ = S ** 2

        for iter_ in range(self.n_iter):

            # update posterior mean coef_ based on alpha_ and lambda_ and
            # compute corresponding rmse
            coef_, rmse_ = self._update_coef_(X, y, n_samples, n_features,
                                              XT_y, U, Vh, eigen_vals_,
                                              alpha_, lambda_)
            if self.compute_score:
                # compute the log marginal likelihood
                s = self._log_marginal_likelihood(n_samples, n_features,
                                                  eigen_vals_,
                                                  alpha_, lambda_,
                                                  coef_, rmse_)
                self.scores_.append(s)

            # Update alpha and lambda according to (MacKay, 1992)
            gamma_ = np.sum((alpha_ * eigen_vals_) /
                            (lambda_ + alpha_ * eigen_vals_))
            lambda_ = ((gamma_ + 2 * lambda_1) /
                       (np.sum(coef_ ** 2) + 2 * lambda_2))
            alpha_ = ((n_samples - gamma_ + 2 * alpha_1) /
                      (rmse_ + 2 * alpha_2))

            # Check for convergence
            if iter_ != 0 and np.sum(np.abs(coef_old_ - coef_)) < self.tol:
                if verbose:
                    print("Convergence after ", str(iter_), " iterations")
                break
            coef_old_ = np.copy(coef_)

        self.n_iter_ = iter_ + 1

        self.alpha_ = alpha_
        self.lambda_ = lambda_
        self.coef_, rmse_ = self._update_coef_(X, y, n_samples, n_features,
                                               XT_y, U, Vh, eigen_vals_,
                                               alpha_, lambda_)
        if self.compute_score:
            # compute the log marginal likelihood
            s = self._log_marginal_likelihood(n_samples, n_features,
                                              eigen_vals_,
                                              alpha_, lambda_,
                                              coef_, rmse_)
            self.scores_.append(s)
            self.scores_ = np.array(self.scores_)

        # posterior covariance is given by 1/alpha_ * scaled_sigma_
        scaled_sigma_ = np.dot(Vh.T,
                               Vh / (eigen_vals_ +
                                     lambda_ / alpha_)[:, np.newaxis])
        self.sigma_ = (1. / alpha_) * scaled_sigma_

        self._set_intercept(X_offset_, y_offset_, X_scale_)

        return self

    def _update_coef_(self, X, y, n_samples, n_features, XT_y, U, Vh,
                      eigen_vals_, alpha_, lambda_):

        if n_samples > n_features:
            coef_ = np.dot(Vh.T,
                           Vh / (eigen_vals_ +
                                 lambda_ / alpha_)[:, np.newaxis])
            coef_ = np.dot(coef_, XT_y)
        else:
            coef_ = np.dot(X.T, np.dot(
                U / (eigen_vals_ + lambda_ / alpha_)[None, :], U.T))
            coef_ = np.dot(coef_, y)

        rmse_ = np.sum((y - np.dot(X, coef_)) ** 2)

        return coef_, rmse_

    def _log_marginal_likelihood(self, n_samples, n_features, eigen_vals,
                                 alpha_, lambda_, coef, rmse):
        """Log marginal likelihood."""
        alpha_1 = self.alpha_1
        alpha_2 = self.alpha_2
        lambda_1 = self.lambda_1
        lambda_2 = self.lambda_2

        if n_samples > n_features:
            logdet_sigma = - np.sum(np.log(lambda_ + alpha_ * eigen_vals))
        else:
            logdet_sigma = np.full(n_features, lambda_,
                                   dtype=np.array(lambda_).dtype)
            logdet_sigma[:n_samples] += alpha_ * eigen_vals
            logdet_sigma = - np.sum(np.log(logdet_sigma))

        score = lambda_1 * log(lambda_) - lambda_2 * lambda_
        score += alpha_1 * log(alpha_) - alpha_2 * alpha_
        score += 0.5 * (n_features * log(lambda_) +
                        n_samples * log(alpha_) -
                        alpha_ * rmse -
                        lambda_ * np.sum(coef ** 2) +
                        logdet_sigma -
                        n_samples * log(2 * np.pi))

        return score

    def _preprocess_data(self, X, y, fit_intercept, normalize=False, copy=True,
                         sample_weight=None, return_mean=False):

        if isinstance(sample_weight, numbers.Number):
            sample_weight = None
        if copy:
            X = X.copy()

        y = np.asarray(y, dtype=X.dtype)

        if fit_intercept:
            X_offset = np.average(X, axis=0, weights=sample_weight)
            X -= X_offset
            y_offset = np.average(y, axis=0, weights=sample_weight)
            y -= y_offset
        else:
            X_offset = np.zeros(X.shape[1], dtype=X.dtype)
            y_offset = X.dtype.type(0)

        if normalize:

            X_scale = np.ones(X.shape[1], dtype=X.dtype)
        else:
            X_scale = np.ones(X.shape[1], dtype=X.dtype)

        return X, y, X_offset, y_offset, X_scale

    def _set_intercept(self, X_offset, y_offset, X_scale):
        """Set the intercept_
        """
        if self.fit_intercept:
            self.coef_ = self.coef_ / X_scale
            self.intercept_ = y_offset - np.dot(X_offset, self.coef_)
        else:
            self.intercept_ = 0.


import numbers
from sklearn.utils.validation import check_X_y, check_array, _num_samples
from sklearn.utils.validation import column_or_1d
from sklearn.utils.validation import _assert_all_finite
from sklearn.utils import check_consistent_length
from sklearn.utils.validation import _ensure_no_complex_data
from sklearn.utils.validation import _ensure_sparse_format
from scipy import sparse as sp
import warnings
from sklearn.base import LinearModel, RegressorMixin
from sklearn.utils.extmath import fast_logdet
from .base import _rescale_data

input_data = {"self": {"n_iter": 300, "tol": 0.001, "alpha_1": 1e-06, "alpha_2": 1e-06, "lambda_1": 1e-06, "lambda_2": 1e-06, "alpha_init": None, "lambda_init": None, "compute_score": True, "fit_intercept": True, "normalize": False, "copy_X": True, "verbose": False}, "args": {"X": "[[ 0.03807591  0.05068012  0.06169621 ... -0.00259226  0.01990842\n  -0.01764613]\n [-0.00188202 -0.04464164 -0.05147406 ... -0.03949338 -0.06832974\n  -0.09220405]\n [ 0.08529891  0.05068012  0.04445121 ... -0.00259226  0.00286377\n  -0.02593034]\n ...\n [ 0.04170844  0.05068012 -0.01590626 ... -0.01107952 -0.04687948\n   0.01549073]\n [-0.04547248 -0.04464164  0.03906215 ...  0.02655962  0.04452837\n  -0.02593034]\n [-0.04547248 -0.04464164 -0.0730303  ... -0.03949338 -0.00421986\n   0.00306441]]", "y": "[151.  75. 141. 206. 135.  97. 138.  63. 110. 310. 101.  69. 179. 185.\n 118. 171. 166. 144.  97. 168.  68.  49.  68. 245. 184. 202. 137.  85.\n 131. 283. 129.  59. 341.  87.  65. 102. 265. 276. 252.  90. 100.  55.\n  61.  92. 259.  53. 190. 142.  75. 142. 155. 225.  59. 104. 182. 128.\n  52.  37. 170. 170.  61. 144.  52. 128.  71. 163. 150.  97. 160. 178.\n  48. 270. 202. 111.  85.  42. 170. 200. 252. 113. 143.  51.  52. 210.\n  65. 141.  55. 134.  42. 111.  98. 164.  48.  96.  90. 162. 150. 279.\n  92.  83. 128. 102. 302. 198.  95.  53. 134. 144. 232.  81. 104.  59.\n 246. 297. 258. 229. 275. 281. 179. 200. 200. 173. 180.  84. 121. 161.\n  99. 109. 115. 268. 274. 158. 107.  83. 103. 272.  85. 280. 336. 281.\n 118. 317. 235.  60. 174. 259. 178. 128.  96. 126. 288.  88. 292.  71.\n 197. 186.  25.  84.  96. 195.  53. 217. 172. 131. 214.  59.  70. 220.\n 268. 152.  47.  74. 295. 101. 151. 127. 237. 225.  81. 151. 107.  64.\n 138. 185. 265. 101. 137. 143. 141.  79. 292. 178.  91. 116.  86. 122.\n  72. 129. 142.  90. 158.  39. 196. 222. 277.  99. 196. 202. 155.  77.\n 191.  70.  73.  49.  65. 263. 248. 296. 214. 185.  78.  93. 252. 150.\n  77. 208.  77. 108. 160.  53. 220. 154. 259.  90. 246. 124.  67.  72.\n 257. 262. 275. 177.  71.  47. 187. 125.  78.  51. 258. 215. 303. 243.\n  91. 150. 310. 153. 346.  63.  89.  50.  39. 103. 308. 116. 145.  74.\n  45. 115. 264.  87. 202. 127. 182. 241.  66.  94. 283.  64. 102. 200.\n 265.  94. 230. 181. 156. 233.  60. 219.  80.  68. 332. 248.  84. 200.\n  55.  85.  89.  31. 129.  83. 275.  65. 198. 236. 253. 124.  44. 172.\n 114. 142. 109. 180. 144. 163. 147.  97. 220. 190. 109. 191. 122. 230.\n 242. 248. 249. 192. 131. 237.  78. 135. 244. 199. 270. 164.  72.  96.\n 306.  91. 214.  95. 216. 263. 178. 113. 200. 139. 139.  88. 148.  88.\n 243.  71.  77. 109. 272.  60.  54. 221.  90. 311. 281. 182. 321.  58.\n 262. 206. 233. 242. 123. 167.  63. 197.  71. 168. 140. 217. 121. 235.\n 245.  40.  52. 104. 132.  88.  69. 219.  72. 201. 110.  51. 277.  63.\n 118.  69. 273. 258.  43. 198. 242. 232. 175.  93. 168. 275. 293. 281.\n  72. 140. 189. 181. 209. 136. 261. 113. 131. 174. 257.  55.  84.  42.\n 146. 212. 233.  91. 111. 152. 120.  67. 310.  94. 183.  66. 173.  72.\n  49.  64.  48. 178. 104. 132. 220.  57.]"}, "kwargs": {}}

br = BayesianRidge(**input_data['self'])
br.fit(**input_data['args'])

output = {"output": {"coef_": br.coef_.tolist(), "intercept_": br.intercept_, "n_iter_": br.n_iter_, "scores_": br.scores_.tolist(), "alpha_": br.alpha_, "lambda_": br.lambda_, "sigma_": br.sigma_.tolist()}}

```[ANSWER]
{"output": {"coef_": [9.047971723705733, -0.05477998535983323, 0.7473157370336531, 1.1017894539137388, 0.001931796277527715, -0.2991403737378592, 0.8777440373727809, 0.002064961481513332, -0.01771811067483828, -0.3211011373737374, 0.3060300568181818, -0.7561716783216783], "intercept_": 152.1334841628965, "n_iter_": 4, "scores_": [-496.3888792327587, -488.0047960516434, -487.99999999999994, -488.0], "alpha_": 1121.5204373737374, "lambda_": 0.0002454076507650765, "sigma_": [[0.0015099273737373737, -7.425990681818182e-05, 0.00010056818181818182, 0.0001486390909090909, 2.599636868686869e-06, -4.018181818181818e-05, 0.00011796368686868687, 2.774022977022977e-06, -2.379953409090909e-05, -4.313409090909091e-05, 4.111340909090909e-05, -0.00010156818181818181], [-7.425990681818182e-05, 0.0001022977022977023, -4.090909090909091e-05, -6.181818181818182e-05, -9.090909090909091e-07, 1.3727272727272728e-05, -4.090909090909091e-05, -9.545454545454545e-07, 5.454545454545454e-06, 1.409090909090909e-05, -1.2727272727272727e-05, 3.1818181818181817e-05], [0.00010056818181818182, -4.090909090909091e-05, 0.0008545454545454546, 0.001290909090909091, 1.8181818181818182e-06, -2.727272727272727e-05, 0.0008181818181818182, 1.909090909090909e-06, -1.6363636363636365e-05, -2.909090909090909e-05, 2.6363636363636362e-05, -6.590909090909091e-05], [0.0001486390909090909, -6.181818181818182e-05, 0.001290909090909091, 0.0019545454545454546, 2.727272727272727e-06, -4.090909090909091e-05, 0.0012363636363636364, 2.818181818181818e-06, -2.4545454545454547e-05, -4.363636363636364e-05, 3.954545454545455e-05, -9.863636363636364e-05], [2.599636868686869e-06, -9.090909090909091e-07, 1.8181818181818182e-06, 2.727272727272727e-06, 3.6363636363636365e-07, -5.454545454545454e-07, 1.6363636363636365e-06, 3.818181818181818e-07, -3.272727272727273e-07, -5.818181818181818e-07, 5.272727272727273e-07, -1.3181818181818182e-06], [-4.018181818181818e-05, 1.3727272727272728e-05, -2.727272727272727e-05, -4.090909090909091e-05, -5.454545454545454e-07, 8.181818181818182e-06, -2.4545454545454547e-05, -5.681818181818182e-07, 4.909090909090909e-06, 8.636363636363637e-06, -7.818181818181818e-06, 1.9545454545454546e-05], [0.00011796368686868687, -4.090909090909091e-05, 0.0008181818181818182, 0.0012363636363636364, 1.6363636363636365e-06, -2.4545454545454547e-05, 0.0007454545454545455, 1.7272727272727273e-06, -1.490909090909091e-05, -2.6363636363636362e-05, 2.409090909090909e-05, -6.000000000000001e-05], [2.774022977022977e-06, -9.545454545454545e-07, 1.909090909090909e-06, 2.818181818181818e-06, 3.818181818181818e-07, -5.681818181818182e-07, 1.7272727272727273e-06, 4.0000000000000005e-07, -3.409090909090909e-07, -6.045454545454546e-07, 5.499999999999999e-07, -1.3727272727272728e-06], [-2.379953409090909e-05, 5.454545454545454e-06, -1.6363636363636365e-05, -2.4545454545454547e-05, -3.272727272727273e-07, 4.909090909090909e-06, -1.490909090909091e-05, -3.409090909090909e-07, 2.9545454545454547e-06, 5.181818181818182e-06, -4.727272727272727e-06, 1.1818181818181819e-05], [-4.313409090909091e-05, 1.409090909090909e-05, -2.909090909090909e-05, -4.363636363636364e-05, -5.818181818181818e-07, 8.