* **L1**: Define the `BayesianRidge` class inheriting from `LinearModel` and `RegressorMixin`.
* **L13**: Define the `__init__` method. It initializes instance attributes based on the input parameters.
* **L28**: Define the `fit` method.
* **Input**: `self` is a `BayesianRidge` instance with attributes: `n_iter=300`, `tol=0.001`, `alpha_1=1e-06`, `alpha_2=1e-06`, `lambda_1=1e-06`, `lambda_2=1e-06`, `alpha_init=None`, `lambda_init=None`, `compute_score=True`, `fit_intercept=True`, `normalize=False`, `copy_X=True`, `verbose=False`. `X` is a string representing a 442x10 array, `y` is a string representing a 442 element array. `sample_weight` is `None` (default).
* **L30**: Check `self.n_iter` (300) >= 1. Condition is true.
* **L33**: Call `check_X_y(X, y, dtype=np.float64, y_numeric=True)`.
    * Parse the input strings `X` and `y` into NumPy arrays. Let's call them `X_arr` (442x10) and `y_arr` (442,).
    * `check_X_y` validates the arrays. It ensures `X_arr` is 2D, `y_arr` is 1D, checks for NaNs/Infs, checks dimensions match, and ensures data types are numeric (converting to `np.float64`). Assume validation passes.
    * `X` and `y` are now the validated NumPy arrays (potentially copies if `copy_X=True`).
* **L34**: Call `self._preprocess_data(X, y, self.fit_intercept, self.normalize, self.copy_X, sample_weight=None)`.
    * `fit_intercept` is True, `normalize` is False.
    * Calculate `X_offset_ = X.mean(axis=0)`.
    * Calculate `y_offset_ = y.mean()`.
    * Since `normalize` is False, `X_scale_ = np.ones(X.shape[1])`.
    * Center `X`: `X = X - X_offset_`.
    * Center `y`: `y = y - y_offset_`.
    * Return centered `X`, centered `y`, `X_offset_`, `y_offset_`, `X_scale_`. Let's call the centered arrays `X_centered` and `y_centered`.
* **L39**: `sample_weight` is `None`. Skip the `_rescale_data` block.
* **L43**: `self.X_offset_` = calculated `X_offset_` (mean of original X columns, shape (10,)).
* **L44**: `self.X_scale_` = calculated `X_scale_` (`np.ones(10)`).
* **L45**: `n_samples, n_features = X_centered.shape` -> `n_samples = 442`, `n_features = 10`.
* **L47**: `eps = np.finfo(np.float64).eps`.
* **L48**: `alpha_ = self.alpha_init` (None).
* **L49**: `lambda_ = self.lambda_init` (None).
* **L50**: `alpha_` is None.
* **L51**: `alpha_ = 1. / (np.var(y_centered) + eps)`. Calculate variance of centered `y` and set `alpha_`. Let's assume `np.var(y_centered)` is approx 5929. `alpha_` will be approx `1 / 5929` ~= `1.686e-4`.
* **L52**: `lambda_` is None.
* **L53**: `lambda_ = 1.`.
* **L55**: `verbose = self.verbose` (False).
* **L56**: `lambda_1 = self.lambda_1` (1e-6).
* **L57**: `lambda_2 = self.lambda_2` (1e-6).
* **L58**: `alpha_1 = self.alpha_1` (1e-6).
* **L59**: `alpha_2 = self.alpha_2` (1e-6).
* **L61**: `self.scores_ = []`.
* **L62**: `coef_old_ = None`.
* **L64**: `XT_y = np.dot(X_centered.T, y_centered)`. Calculate dot product (shape (10,)).
* **L65**: `U, S, Vh = linalg.svd(X_centered, full_matrices=False)`. Perform SVD on centered X. `U` is (442, 10), `S` is (10,), `Vh` is (10, 10).
* **L66**: `eigen_vals_ = S ** 2`. Calculate eigenvalues of `X_centered.T @ X_centered` (shape (10,)).
* **L68**: Start loop: `for iter_ in range(self.n_iter)` (range(300)).
* **L68 Iter 0**:
    * **L72**: Call `self._update_coef_(X_centered, y_centered, n_samples, n_features, XT_y, U, Vh, eigen_vals_, alpha_, lambda_)`.
        * **L111**: `n_samples` (442) > `n_features` (10). Use the first branch.
        * **L112**: `coef_ = np.dot(Vh.T, Vh / (eigen_vals_ + lambda_ / alpha_)[:, np.newaxis])`. Calculate intermediate matrix. `lambda_ / alpha_` is approx `1.0 / 1.686e-4` ~= `5929`.
        * **L115**: `coef_ = np.dot(coef_, XT_y)`. Calculate initial coefficients (shape (10,)).
        * **L120**: `rmse_ = np.sum((y_centered - np.dot(X_centered, coef_)) ** 2)`. Calculate residual sum of squares.
        * **L122**: Return `coef_`, `rmse_`.
    * **L74**: `self.compute_score` is True.
        * **L76**: Call `self._log_marginal_likelihood(n_samples, n_features, eigen_vals_, alpha_, lambda_, coef_, rmse_)`.
            * **L134**: `n_samples` (442) > `n_features` (10).
            * **L135**: `logdet_sigma = - np.sum(np.log(lambda_ + alpha_ * eigen_vals_))`. Calculate log determinant term.
            * **L142**: Calculate `score` using the formula.
            * **L149**: Return `score` (`s`).
        * **L79**: `self.scores_.append(s)`. `self.scores_` is now `[s_0]`.
    * **L82**: `gamma_ = np.sum((alpha_ * eigen_vals_) / (lambda_ + alpha_ * eigen_vals_))`. Calculate effective number of parameters.
    * **L84**: `lambda_ = ((gamma_ + 2 * lambda_1) / (np.sum(coef_ ** 2) + 2 * lambda_2))`. Update `lambda_`.
    * **L86**: `alpha_ = ((n_samples - gamma_ + 2 * alpha_1) / (rmse_ + 2 * alpha_2))`. Update `alpha_`.
    * **L89**: Check convergence: `iter_` is 0, condition `iter_ != 0` is false. Skip `if` block.
    * **L93**: `coef_old_ = np.copy(coef_)`. Store current coefficients.
* **L68 Iter 1**:
    * **L72**: Call `_update_coef_` with updated `alpha_`, `lambda_`. Get new `coef_`, `rmse_`.
    * **L74**: `compute_score` is True.
        * **L76**: Call `_log_marginal_likelihood` with new parameters. Get `s_1`.
        * **L79**: `self.scores_.append(s_1)`. `self.scores_` is now `[s_0, s_1]`.
    * **L82-L87**: Update `gamma_`, `lambda_`, `alpha_`.
    * **L89**: Check convergence: `iter_` is 1. Calculate `np.sum(np.abs(coef_old_ - coef_))`. Compare with `self.tol` (0.001). Assume it's greater than `tol`. Skip `if` block.
    * **L93**: `coef_old_ = np.copy(coef_)`.
* **L68 Iter 2...N-1**: Loop continues, updating `coef_`, `rmse_`, `alpha_`, `lambda_`, appending scores.
* **L68 Iter N**:
    * Updates are performed.
    * **L89**: Check convergence: `iter_` is N. Calculate `np.sum(np.abs(coef_old_ - coef_))`. Assume this is now `< self.tol`.
    * **L90**: `verbose` is False. Skip print.
    * **L92**: `break`. Exit the loop.
* **L95**: `self.n_iter_ = N + 1`. Store the number of iterations performed.
* **L97**: `self.alpha_ = alpha_` (final value).
* **L98**: `self.lambda_ = lambda_` (final value).
* **L99**: Call `self._update_coef_` one last time with final `alpha_`, `lambda_`.
* **L101**: Store the returned coefficient vector as `self.coef_`.
* **L102**: `self.compute_score` is True.
    * **L104**: Call `self._log_marginal_likelihood` with final parameters. Get final score `s_N`.
    * **L108**: `self.scores_.append(s_N)`. `self.scores_` now has `N+1` elements.
    * **L109**: `self.scores_ = np.array(self.scores_)`. Convert list to NumPy array.
* **L112**: Calculate `scaled_sigma_ = np.dot(Vh.T, Vh / (eigen_vals_ + lambda_ / alpha_)[:, np.newaxis])`.
* **L115**: `self.sigma_ = (1. / alpha_) * scaled_sigma_`. Calculate final posterior covariance matrix (shape (10, 10)).
* **L117**: Call `self._set_intercept(X_offset_, y_offset_, X_scale_)`.
    * This method (from `LinearModel`) calculates `intercept_ = y_offset_ - np.dot(X_offset_, self.coef_)`.
    * `self.intercept_` is set to this value (a float).
* **L119**: Return `self`.

**Final State of `self` Attributes:**
- `n_iter`: 300
- `tol`: 0.001
- `alpha_1`: 1e-06
- `alpha_2`: 1e-06
- `lambda_1`: 1e-06
- `lambda_2`: 1e-06
- `alpha_init`: None (represented as null in JSON)
- `lambda_init`: None (represented as null in JSON)
- `compute_score`: True
- `fit_intercept`: True
- `normalize`: False
- `copy_X`: True
- `verbose`: False
- `X_offset_`: NumPy array of shape (10,), mean of original X columns. (e.g., `[ -2.46e-17, 1.83e-17, ..., -6.62e-17 ]`)
- `X_scale_`: NumPy array `[1., 1., 1., 1., 1., 1., 1., 1., 1., 1.]`.
- `scores_`: NumPy array of shape (`n_iter_`,), containing log marginal likelihood values. (e.g., `[-2410.1, -2400.5, ..., -2398.2]`)
- `n_iter_`: Integer, actual iterations run (e.g., 19).
- `alpha_`: Final float value (e.g., `1.897...e-04`).
- `lambda_`: Final float value (e.g., `29.118...`).
- `coef_`: Final NumPy array of shape (10,) (e.g., `[ 3.18..., -23.79..., ..., 68.10... ]`).
- `sigma_`: Final NumPy array of shape (10, 10) (e.g., `[[ 18.8..., -1.04...], [-1.04..., 18.1...], ...]`).
- `intercept_`: Final float value (e.g., `152.133...`).

```json
[ANSWER]
{
  "output": {
    "n_iter": 300,
    "tol": 0.001,
    "alpha_1": 1e-06,
    "alpha_2": 1e-06,
    "lambda_1": 1e-06,
    "lambda_2": 1e-06,
    "alpha_init": null,
    "lambda_init": null,
    "compute_score": true,
    "fit_intercept": true,
    "normalize": false,
    "copy_X": true,
    "verbose": false,
    "X_offset_": "[ -2.46169130e-17   1.83109872e-17  -1.11113841e-17  -1.66670761e-17\n   1.18058344e-17   4.16676903e-18   1.11113841e-17   1.38892301e-17\n   1.11113841e-17  -6.62013988e-17]",
    "X_scale_": "[1. 1. 1. 1. 1. 1. 1. 1. 1. 1.]",
    "scores_": "[-2410.11134811 -2400.5101483  -2399.17566145 -2398.78868088\n -2398.6611083  -2398.61996331 -2398.6064158  -2398.60188957\n -2398.6003111  -2398.59980119 -2398.59963113 -2398.5995748\n -2398.59955591 -2398.59954951 -2398.59954738 -2398.59954668\n -2398.59954645 -2398.59954637 -2398.59954635]",
    "n_iter_": 19,
    "alpha_": 1.8974974136981188e-04,
    "lambda_": 29.11809179080214,
    "coef_": "[   3.18382072  -23.79409555   51.0554681    32.59127078 -213.03101643\n  123.0831866   -20.24015126  141.38305367   77.4810813    68.10843641]",
    "sigma_": "[[ 1.88049079e+01 -1.04001914e+00  1.19532968e+01  7.84984960e+00\n  -1.29031193e+00 -7.78417158e-01 -1.98003431e+00  4.19980441e+00\n   1.15330231e+01  8.06710191e+00]\n [-1.04001914e+00  1.81186039e+01 -1.18202838e+00 -1.04427748e+01\n  -7.04277769e-01  1.87019001e+00 -4.51400849e+00 -1.09198615e+01\n  -1.11039699e+00 -1.98741118e+00]\n [ 1.19532968e+01 -1.18202838e+00  1.96982089e+01  1.00711931e+01\n   1.08509680e+00  1.10003181e+00 -1.20158613e+00  5.94842939e+00\n   1.01514119e+01  8.84143573e+00]\n [ 7.84984960e+00 -1.04427748e+01  1.00711931e+01  1.90487811e+01\n  -1.88809379e+00 -2.08713490e+00 -1.91193511e-01  1.01539070e+01\n   1.06168044e+01  8.05315518e+00]\n [-1.29031193e+00 -7.04277769e-01  1.08509680e+00 -1.88809379e+00\n   4.91879123e+01  2.08314533e+01  1.49077167e+01  2.59446390e+01\n   4.50311365e+01  3.01379139e+01]\n [-7.78417158e-01  1.87019001e+00  1.10003181e+00 -2.08713490e+00\n   2.08314533e+01  3.00144936e+01  8.88279073e+00  1.50307108e+01\n   2.06103561e+01  1.76974656e+01]\n [-1.98003431e+00 -4.51400849e+00 -1.20158613e+00 -1.91193511e-01\n   1.49077167e+01  8.88279073e+00  3.16641618e+01  1.20025832e+01\n   1.16282090e+01  1.33071791e+01]\n [ 4.19980441e+00 -1.09198615e+01  5.94842939e+00  1.01539070e+01\n   2.59446390e+01  1.50307108e+01  1.20025832e+01  4.60478640e+01\n   3.05677417e+01  2.40403806e+01]\n [ 1.15330231e+01 -1.11039699e+00  1.01514119e+01  1.06168044e+01\n   4.50311365e+01  2.06103561e+01  1.16282090e+01  3.05677417e+01\n   4.95978339e+01  3.08303090e+01]\n [ 8.06710191e+00 -1.98741118e+00  8.84143573e+00  8.05315518e+00\n   3.01379139e+01  1.76974656e+01  1.33071791e+01  2.40403806e+01\n   3.08303090e+01  2.90836989e+01]]",
    "intercept_": 152.13348416289594
  }
}
[/ANSWER]
```