{
    "output": {
        "n_iter": 300,
        "tol": 0.001,
        "alpha_1": 1e-06,
        "alpha_2": 1e-06,
        "lambda_1": 1e-06,
        "lambda_2": 1e-06,
        "alpha_init": null,
        "lambda_init": null,
        "compute_score": true,
        "fit_intercept": true,
        "normalize": false,
        "copy_X": true,
        "verbose": false,
        "X_offset_": "[ -2.46169130e-17   1.83109872e-17  -1.11113841e-17  -1.66670761e-17\n   1.18058344e-17   4.16676903e-18   1.11113841e-17   1.38892301e-17\n   1.11113841e-17  -6.62013988e-17]",
        "X_scale_": "[1. 1. 1. 1. 1. 1. 1. 1. 1. 1.]",
        "scores_": "[-2410.11134811 -2400.5101483  -2399.17566145 -2398.78868088\n -2398.6611083  -2398.61996331 -2398.6064158  -2398.60188957\n -2398.6003111  -2398.59980119 -2398.59963113 -2398.5995748\n -2398.59955591 -2398.59954951 -2398.59954738 -2398.59954668\n -2398.59954645 -2398.59954637 -2398.59954635]",
        "n_iter_": 19,
        "alpha_": 0.00018974974136981188,
        "lambda_": 29.11809179080214,
        "coef_": "[   3.18382072  -23.79409555   51.0554681    32.59127078 -213.03101643\n  123.0831866   -20.24015126  141.38305367   77.4810813    68.10843641]",
        "sigma_": "[[ 1.88049079e+01 -1.04001914e+00  1.19532968e+01  7.84984960e+00\n  -1.29031193e+00 -7.78417158e-01 -1.98003431e+00  4.19980441e+00\n   1.15330231e+01  8.06710191e+00]\n [-1.04001914e+00  1.81186039e+01 -1.18202838e+00 -1.04427748e+01\n  -7.04277769e-01  1.87019001e+00 -4.51400849e+00 -1.09198615e+01\n  -1.11039699e+00 -1.98741118e+00]\n [ 1.19532968e+01 -1.18202838e+00  1.96982089e+01  1.00711931e+01\n   1.08509680e+00  1.10003181e+00 -1.20158613e+00  5.94842939e+00\n   1.01514119e+01  8.84143573e+00]\n [ 7.84984960e+00 -1.04427748e+01  1.00711931e+01  1.90487811e+01\n  -1.88809379e+00 -2.08713490e+00 -1.91193511e-01  1.01539070e+01\n   1.06168044e+01  8.05315518e+00]\n [-1.29031193e+00 -7.04277769e-01  1.08509680e+00 -1.88809379e+00\n   4.91879123e+01  2.08314533e+01  1.49077167e+01  2.59446390e+01\n   4.50311365e+01  3.01379139e+01]\n [-7.78417158e-01  1.87019001e+00  1.10003181e+00 -2.08713490e+00\n   2.08314533e+01  3.00144936e+01  8.88279073e+00  1.50307108e+01\n   2.06103561e+01  1.76974656e+01]\n [-1.98003431e+00 -4.51400849e+00 -1.20158613e+00 -1.91193511e-01\n   1.49077167e+01  8.88279073e+00  3.16641618e+01  1.20025832e+01\n   1.16282090e+01  1.33071791e+01]\n [ 4.19980441e+00 -1.09198615e+01  5.94842939e+00  1.01539070e+01\n   2.59446390e+01  1.50307108e+01  1.20025832e+01  4.60478640e+01\n   3.05677417e+01  2.40403806e+01]\n [ 1.15330231e+01 -1.11039699e+00  1.01514119e+01  1.06168044e+01\n   4.50311365e+01  2.06103561e+01  1.16282090e+01  3.05677417e+01\n   4.95978339e+01  3.08303090e+01]\n [ 8.06710191e+00 -1.98741118e+00  8.84143573e+00  8.05315518e+00\n   3.01379139e+01  1.76974656e+01  1.33071791e+01  2.40403806e+01\n   3.08303090e+01  2.90836989e+01]]",
        "intercept_": 152.13348416289594
    }
}