`_fit_transform` is a method of the `KernelPCA` class. It takes a kernel matrix `K`, centers it, and then performs an eigendecomposition to find the principal components.

**Step-by-step execution:**

1.  **Input Parsing**: The input `K` is a string representation of a 5x5 numpy array.
    ```python
    K = np.array([
        [2.56139035, 2.52117244, 2.69797422, 2.02911389, 2.67068704],
        [2.52117244, 2.71967647, 2.56295262, 1.89198858, 2.83722686],
        [2.69797422, 2.56295262, 3.34510468, 1.95856619, 2.48090204],
        [2.02911389, 1.89198858, 1.95856619, 2.1869279,  1.8532024 ],
        [2.67068704, 2.83722686, 2.48090204, 1.8532024,  3.47058014]
    ])
    ```

2.  **`K = self._centerer.fit_transform(K)`**: The first step is to center the kernel matrix `K`.
    *   The `_centerer` is an instance of `sklearn.preprocessing.KernelCenterer`.
    *   `fit_transform` first calls `fit(K)` to compute the column means (`K_fit_rows_`) and the overall mean (`K_fit_all_`). Since the input `K` is symmetric, the row means are identical to the column means.
        *   `K.mean(axis=0)` -> `[2.49606759, 2.50660339, 2.60909955, 1.98395979, 2.6625197]`
        *   `K.mean()` -> `2.451648004`
    *   Then, `transform(K)` applies the centering formula: `K_centered = K - K_row_means - K_col_means + K_total_mean`.
    *   The resulting centered matrix `K_centered` is:
    ```python
    K_centered = np.array([
       [ 0.02090318, -0.02985054,  0.08022867, -0.46300349,  0.39172218],
       [-0.02985054,  0.16241274, -0.05530031, -0.60801142,  0.53074953],
       [ 0.08022867, -0.05530031,  0.62435713, -0.64392997, -0.00535552],
       [-0.46300349, -0.60801142, -0.64392997,  0.2095715,   1.50537338],
       [ 0.39172218,  0.53074953, -0.00535552,  1.50537338,  0.59718874]
    ])
    ```
    *   The local variable `K` inside the function is now this centered matrix.

3.  **`n_components = min(K.shape[0], self.n_components)`**:
    *   `K.shape[0]` is 5.
    *   `self.n_components` is 4.
    *   `n_components` is set to `min(5, 4)`, which is 4.

4.  **`eigen_solver = self.eigen_solver`**: `eigen_solver` is set to `'arpack'`.

5.  **`elif eigen_solver == 'arpack':`**: This block is executed.
    *   `random_state = check_random_state(self.random_state)`: Since `self.random_state` is `None`, this gets the global numpy random number generator.
    *   `v0 = random_state.uniform(-1, 1, K.shape[0])`: A random starting vector `v0` of size 5 is generated for the ARPACK solver.
    *   `self.lambdas_, self.alphas_ = eigsh(K, n_components, ...)`: The `eigsh` function is called to find the `n_components=4` largest eigenvalues (`LA`) and their corresponding eigenvectors of the centered matrix `K`.
        *   The eigenvalues of `K_centered` are approximately `[2.107, 0.602, 0.208, 0.0, -0.303]`.
        *   `eigsh` with `n_components=4` and `which='LA'` will find the 4 largest ones: `[0.0, 0.208, 0.602, 2.107]` (order may vary but is typically ascending).
        *   These are stored in `self.lambdas_`, and the corresponding eigenvectors in `self.alphas_`.

6.  **`self.alphas_, _ = svd_flip(...)`**: This step standardizes the signs of the eigenvectors to ensure deterministic output. It inspects the element with the largest absolute value in each eigenvector and flips the sign of the entire vector if that element is negative.

7.  **`indices = self.lambdas_.argsort()[::-1]`**: This sorts the eigenvalues and eigenvectors in descending order.
    *   `self.lambdas_` becomes `[2.107, 0.602, 0.208, 0.0]`.
    *   The columns of `self.alphas_` are reordered to match.

8.  **`if self.remove_zero_eig or self.n_components is None:`**: This condition is `False`, so the block is skipped. The eigenvalue `0.0` is not removed.

9.  **`return K`**: The function returns the final value of the local variable `K`, which is the centered kernel matrix calculated in step 2.

[OUTPUT]
```json
{
    "K": "[[ 0.02090318 -0.02985054  0.08022867 -0.46300349  0.39172218]\n [-0.02985054  0.16241274 -0.05530031 -0.60801142  0.53074953]\n [ 0.08022867 -0.05530031  0.62435713 -0.64392997 -0.00535552]\n [-0.46300349 -0.60801142 -0.64392997  0.2095715   1.50537338]\n [ 0.39172218  0.53074953 -0.00535552  1.50537338  0.59718874]]"
}
```