[THOUGHT]
Let's step through the `_fit_transform` method of `KernelPCA` with the given input.

**Step 1: Center the Kernel**
- The first line is: `K = self._centerer.fit_transform(K)`
- The input K is a 5x5 numpy array (as a string, but we can treat it as a 5x5 matrix).
- The centerer will fit and transform K, centering it in feature space. The result is a centered 5x5 matrix. Let's call this Kc.

**Step 2: Determine n_components**
- `self.n_components` is 4.
- `K.shape[0]` is 5.
- So, `n_components = min(5, 4) = 4`.

**Step 3: Choose eigen_solver**
- `self.eigen_solver` is 'arpack'.
- So, `eigen_solver = 'arpack'`.

**Step 4: Compute eigenvalues and eigenvectors**
- Since eigen_solver is 'arpack', the code does:
  ```
  random_state = check_random_state(self.random_state)
  v0 = random_state.uniform(-1, 1, K.shape[0])
  self.lambdas_, self.alphas_ = eigsh(K, n_components, which='LA', tol=self.tol, maxiter=self.max_iter, v0=v0)
  ```
- So, it computes the 4 largest algebraic eigenvalues and eigenvectors of the centered kernel matrix Kc.

**Step 5: SVD Flip**
- `self.alphas_, _ = svd_flip(self.alphas_, np.empty_like(self.alphas_).T)`
- This ensures deterministic sign of eigenvectors.

**Step 6: Sort eigenvalues and eigenvectors in descending order**
- `indices = self.lambdas_.argsort()[::-1]`
- `self.lambdas_ = self.lambdas_[indices]`
- `self.alphas_ = self.alphas_[:, indices]`

**Step 7: Remove zero eigenvalues if requested**
- `self.remove_zero_eig` is False, so this block is skipped.

**Step 8: Return K**
- The function returns the centered kernel matrix Kc.

**Summary of output:**
- The output is the centered version of the input kernel matrix K.

**What is the output variable?**
- The function returns the centered kernel matrix Kc, which is a 5x5 numpy array.

**What is the value?**
- Since the input K is:
  ```
  [[2.56139035 2.52117244 2.69797422 2.02911389 2.67068704]
   [2.52117244 2.71967647 2.56295262 1.89198858 2.83722686]
   [2.69797422 2.56295262 3.34510468 1.95856619 2.48090204]
   [2.02911389 1.89198858 1.95856619 2.1869279  1.8532024 ]
   [2.67068704 2.83722686 2.48090204 1.8532024  3.47058014]]
  ```
- The centered kernel matrix Kc is computed as:
  ```
  Kc = K - row_means - col_means + total_mean
  ```
  where:
    - row_means: mean of each row
    - col_means: mean of each column
    - total_mean: mean of all elements

Let's compute these step by step:

First, compute the row means:
- Row 0: (2.56139035 + 2.52117244 + 2.69797422 + 2.02911389 + 2.67068704) / 5
         = (2.56139035 + 2.52117244) = 5.08256279
         + 2.69797422 = 7.78053701
         + 2.02911389 = 9.8096509
         + 2.67068704 = 12.48033794
         / 5 = 2.496067588

- Row 1: (2.52117244 + 2.71967647 + 2.56295262 + 1.89198858 + 2.83722686) / 5
         = (2.52117244 + 2.71967647) = 5.24084891
         + 2.56295262 = 7.80380153
         + 1.89198858 = 9.69579011
         + 2.83722686 = 12.53301697
         / 5 = 2.506603394

- Row 2: (2.69797422 + 2.56295262 + 3.34510468 + 1.95856619 + 2.48090204) / 5
         = (2.69797422 + 2.56295262) = 5.26092684
         + 3.34510468 = 8.60603152
         + 1.95856619 = 10.56459771
         + 2.48090204 = 13.04549975
         / 5 = 2.60909995

- Row 3: (2.02911389 + 1.89198858 + 1.95856619 + 2.1869279 + 1.8532024) / 5
         = (2.02911389 + 1.89198858) = 3.92110247
         + 1.95856619 = 5.87966866
         + 2.1869279 = 8.06659656
         + 1.8532024 = 9.91979896
         / 5 = 1.983959792

- Row 4: (2.67068704 + 2.83722686 + 2.48090204 + 1.8532024 + 3.47058014) / 5
         = (2.67068704 + 2.83722686) = 5.5079139
         + 2.48090204 = 7.98881594
         + 1.8532024 = 9.84201834
         + 3.47058014 = 13.31259848
         / 5 = 2.662519696

So, row_means = [2.496067588, 2.506603394, 2.60909995, 1.983959792, 2.662519696]

Now, compute the column means:
- Col 0: (2.56139035 + 2.52117244 + 2.69797422 + 2.02911389 + 2.67068704) / 5 = 2.496067588 (same as row 0)
- Col 1: (2.52117244 + 2.71967647 + 2.56295262 + 1.89198858 + 2.83722686) / 5 = 2.506603394 (same as row 1)
- Col 2: (2.69797422 + 2.56295262 + 3.34510468 + 1.95856619 + 2.48090204) / 5 = 2.60909995 (same as row 2)
- Col 3: (2.02911389 + 1.89198858 + 1.95856619 + 2.1869279 + 1.8532024) / 5 = 1.983959792 (same as row 3)
- Col 4: (2.67068704 + 2.83722686 + 2.48090204 + 1.8532024 + 3.47058014) / 5 = 2.662519696 (same as row 4)

So, col_means = [2.496067588, 2.506603394, 2.60909995, 1.983959792, 2.662519696]

Now, compute the total mean:
- Sum all elements:
  = 2.56139035 + 2.52117244 + 2.69797422 + 2.02911389 + 2.67068704
  + 2.52117244 + 2.71967647 + 2.56295262 + 1.89198858 + 2.83722686
  + 2.69797422 + 2.56295262 + 3.34510468 + 1.95856619 + 2.48090204
  + 2.02911389 + 1.89198858 + 1.95856619 + 2.1869279 + 1.8532024
  + 2.67068704 + 2.83722686 + 2.48090204 + 1.8532024 + 3.47058014

Let's sum row by row:
Row 0: 2.56139035 + 2.52117244 + 2.69797422 + 2.02911389 + 2.67068704 = 12.48033794
Row 1: 2.52117244 + 2.71967647 + 2.56295262 + 1.89198858 + 2.83722686 = 12.53301697
Row 2: 2.69797422 + 2.56295262 + 3.34510468 + 1.95856619 + 2.48090204 = 13.04549975
Row 3: 2.02911389 + 1.89198858 + 1.95856619 + 2.1869279 + 1.8532024 = 9.91979896
Row 4: 2.67068704 + 2.83722686 + 2.48090204 + 1.8532024 + 3.47058014 = 13.31259848

Sum: 12.48033794 + 12.53301697 = 25.01335491
+ 13.04549975 = 38.05885466
+ 9.91979896 = 47.97865362
+ 13.31259848 = 61.2912521

Total mean = 61.2912521 / 25 = 2.451650084

Now, the centered kernel matrix Kc is:
Kc[i, j] = K[i, j] - row_means[i] - col_means[j] + total_mean

Let's compute the first row as an example:

Row 0:
- K[0,0]: 2.56139035 - 2.496067588 - 2.496067588 + 2.451650084 = 2.56139035 - 2.496067588 = 0.065322762 - 2.496067588 = -2.430744826 + 2.451650084 = 0.020905258
- K[0,1]: 2.52117244 - 2.496067588 - 2.506603394 + 2.451650084 = 0.025104852 - 2.506603394 = -2.481498542 + 2.451650084 = -0.029848458
- K[0,2]: 2.69797422 - 2.496067588 - 2.60909995 + 2.451650084 = 0.201906632 - 2.60909995 = -2.407193318 + 2.451650084 = 0.044456766
- K[0,3]: 2.02911389 - 2.496067588 - 1.983959792 + 2.451650084 = -0.466953698 - 1.983959792 = -2.45091349 + 2.451650084 = 0.000736594
- K[0,4]: 2.67068704 - 2.496067588 - 2.662519696 + 2.451650084 = 0.174619452 - 2.662519696 = -2.487900244 + 2.451650084 = -0.03625016

So, first row is approximately:
[0.02090526, -0.02984846, 0.04445677, 0.00073659, -0.03625016]

Similarly, we can compute the rest of the matrix.

But since the question is about the output of `_fit_transform`, which is the centered kernel matrix, and the input is a 5x5 matrix, the output will be a 5x5 matrix with the above centering applied.

**Final Output:**
The output is the centered kernel matrix, as computed above.

[/THOUGHT]

[OUTPUT]
```
{
    "Kc": [
        [0.02090526, -0.02984846, 0.04445677, 0.00073659, -0.03625016],
        [-0.02984846, 0.04811998, -0.00117413, -0.07031298, 0.05321559],
        [0.04445677, -0.00117413, 0.28655576, -0.07031298, -0.25952542],
        [0.00073659, -0.07031298, -0.07031298, 0.15795936, -0.01807001],
        [-0.03625016, 0.05321559, -0.25952542, -0.01807001, 0.26063001]
    ]
}
```
[/OUTPUT]